Burundi	130	127	116	108	122	149	165	170	196	209	232	247	250	255	273	304	281	292	271	261
Central_African_Republic	226	229	245	290	312	329	351	393	446	455	476	533	545	364	410	366	387	432	467	461
Mozambique	335	310	317	341	399	433	451	499	580	536	485	604	671	673	684	599	434	463	510	512
Madagascar	307	351	335	387	299	335	355	460	562	489	493	553	539	561	549	482	489	528	536	532
Malawi	353	338	384	345	366	377	401	432	505	571	623	695	506	447	484	498	415	467	501	544
Niger	197	208	227	267	285	321	335	389	477	462	476	511	529	552	563	484	498	518	571	554
Eritrea	239	245	227	259	316	301	321	340	301	416	501	643	694	597	787	603	655	558	581	567
Democratic_Republic_of_the_Congo	397	147	171	172	189	227	266	311	367	292	339	388	428	481	512	520	477	479	564	579
Liberia	303	306	312	232	286	293	333	388	464	470	505	583	647	717	709	691	710	706	677	624
Yemen	527	522	551	591	678	796	881	971	1171	1061	1268	1304	1370	1519	1580	1508	1084	905	710	702
Sudan	422	493	555	636	773	997	1250	1600	1701	1401	1637	2034	1396	1463	1628	1679	1639	1199	800	728
Burkina_Faso	249	260	287	364	405	443	457	517	622	603	628	727	734	762	768	632	666	711	780	765
Gambia	766	737	632	581	643	666	662	780	925	833	861	763	743	701	607	650	684	677	729	769
Sierra_Leone	327	363	401	426	430	473	539	576	640	605	651	731	856	981	929	941	822	776	835	834
Rwanda	266	249	242	258	278	335	369	442	546	585	613	675	730	728	749	759	754	784	797	836
Guinea-Bissau	328	338	375	435	448	482	468	543	672	614	644	775	688	712	713	708	748	864	895	837
Mali	264	299	327	382	428	474	507	579	678	682	689	810	754	779	819	724	750	795	857	840
Togo	402	389	436	526	548	539	540	622	736	737	723	803	782	847	877	770	792	813	874	848
Tajikistan	159	167	188	236	309	337	402	519	702	666	738	835	950	1040	1105	919	801	845	852	893
Chad	256	304	341	451	700	901	980	1109	1283	1124	1196	1314	1265	1280	1333	1028	920	889	991	935
Ethiopia	136	132	124	133	152	181	219	267	351	373	341	378	511	549	623	708	791	823	840	949
Uganda	355	348	362	362	431	483	528	634	784	816	809	872	951	965	1008	849	827	838	879	952
Guinea	462	428	445	517	534	471	426	629	675	637	631	607	645	713	729	712	680	796	892	987
Tanzania	380	377	382	401	429	460	491	552	684	701	740	775	868	970	1030	949	966	1017	1002	1044
Lesotho	493	414	458	671	853	922	917	931	869	1011	1222	1325	1261	1192	1251	1105	1099	1200	1215	1134
Benin	503	508	564	698	784	806	837	945	1099	1061	1010	1099	1113	1214	1252	1042	1050	1095	1194	1171
Nepal	266	269	269	281	319	355	389	441	532	543	672	795	794	809	827	882	880	1028	1162	1186
Zambia	364	380	399	452	556	720	1066	1134	1394	1151	1469	1644	1730	1841	1725	1308	1250	1496	1475	1268
Haiti	794	721	684	541	660	773	795	992	1074	1169	1175	1269	1316	1409	1409	1359	1263	1337	1442	1277
Myanmar	159	145	139	177	213	239	266	348	493	593	727	1016	1105	1176	1244	1224	1164	1177	1272	1302
Senegal	614	648	681	832	932	993	1028	1198	1404	1308	1273	1367	1319	1373	1397	1219	1270	1361	1459	1436
Kyrgyzstan	281	310	323	383	436	479	547	725	972	877	885	1131	1190	1295	1293	1133	1132	1255	1322	1467
Pakistan	733	697	690	772	885	949	1032	1146	1228	1109	1138	1302	1378	1391	1424	1535	1567	1653	1698	1501
Comoros	633	681	764	959	1071	1107	1139	1290	1454	1408	1385	1527	1485	1596	1609	1323	1357	1414	1519	1502
Cameroon	660	687	756	949	1089	1102	1147	1278	1439	1410	1353	1465	1404	1528	1605	1383	1413	1469	1586	1533
Timor-Leste	421	540	521	534	471	483	462	539	629	689	819	947	1031	1214	1234	1333	1358	1309	1265	1611
Zimbabwe	970	964	923	822	807	765	678	647	553	790	976	1132	1310	1422	1415	1418	1430	1503	2467	1705
Kiribati	890	755	854	1083	1147	1231	1189	1432	1519	1410	1609	1878	1957	1887	1845	1742	1846	1960	2022	1847
Nicaragua	1031	1055	1012	1010	1078	1153	1225	1327	1499	1438	1499	1652	1728	1784	1909	2029	2091	2148	2008	1940
Mauritania	673	642	635	712	797	963	1357	1425	1647	1476	1716	2013	1946	2072	1827	1668	1691	1759	1882	1945
São_Tomé_and_Príncipe	551	505	553	648	693	809	840	885	1126	1173	1090	1274	1263	1439	1545	1336	1470	1594	1851	1954
Uzbekistan	702	588	482	499	585	689	811	1049	1325	1523	1777	2068	2285	2440	2651	2761	2713	2170	1797	2024
India	442	450	469	544	624	711	802	1023	994	1097	1351	1450	1434	1438	1560	1590	1714	1958	1974	2050
Kenya	617	617	612	668	693	778	855	1028	1119	1123	1176	1179	1396	1490	1613	1625	1689	1805	1987	2108
Bangladesh	483	481	491	532	563	572	610	669	761	841	936	1032	1058	1176	1340	1496	1679	1840	1992	2154
Ivory_Coast	913	926	997	1199	1260	1262	1279	1422	1650	1608	1598	1603	1624	1843	2026	1846	1896	2000	2167	2174
Ghana	607	631	714	860	973	1151	1320	1521	1688	1478	1757	2132	2198	2406	2009	1784	1982	2087	2276	2266
Solomon_Islands	992	936	767	756	828	964	1059	1186	1301	1334	1492	1800	1978	2090	2116	2021	2081	2165	2325	2278
Cambodia	313	345	369	407	466	550	640	764	903	913	992	1133	1241	1357	1486	1607	1736	1888	2097	2281
Papua_New_Guinea	1008	862	815	995	1112	1270	1412	1576	1884	1833	2115	2479	2797	2660	2766	2467	2245	2344	2367	2315
Nigeria	555	583	731	780	963	1222	1563	1792	2198	1927	2328	2544	2756	2998	3223	2719	2176	1969	2153	2361
Republic_of_the_Congo	1156	934	1000	1128	1440	1812	2117	2220	2848	2281	2965	3414	3756	3720	3623	2348	2107	2227	2716	2509
Honduras	1081	1121	1122	1145	1204	1297	1420	1572	1728	1777	1891	2074	2129	2088	2190	2286	2325	2436	2490	2529
Laos	317	318	329	397	460	526	662	787	969	1032	1187	1397	1566	1814	1983	2124	2308	2437	2552	2603
Venezuela	4821	4964	3778	3266	4312	5422	6647	8538	11079	9558	11158	10934	12688	8693	7107	4097	3676	3807	3530	2624
Iran	5777	5125	2021	2353	2765	3292	3864	5046	5891	6017	6984	8322	5548	5561	5910	5172	5731	6005	4055	2909
Angola	771	731	988	1122	1438	2128	2909	3493	4554	3630	4089	5175	5700	5881	6062	4681	3936	4629	3651	2926
Djibouti	1088	1107	1121	1160	1213	1271	1359	1478	1692	1722	1837	2039	2190	2315	2471	2653	2804	2926	3038	3173
Vanuatu	1422	1317	1313	1542	1743	1825	1985	2309	2541	2520	2719	3008	2935	2940	2948	2772	2844	3159	3256	3187
Egypt	1637	1566	1355	1252	1196	1331	1564	1862	2271	2579	2923	3077	3569	3584	3705	3934	3862	2593	2710	3214
Vietnam	499	513	547	610	757	873	996	1152	1447	1481	1628	1950	2198	2370	2567	2582	2720	2958	3216	3439
Palestine	1413	1276	1103	1197	1351	1461	1481	1564	1913	2062	2406	2712	2889	3123	3159	3084	3326	3407	3353	3443
Philippines	1087	1004	1050	1063	1137	1261	1471	1765	2012	1924	2237	2473	2721	2903	2996	3039	3108	3153	3280	3512
Bhutan	815	825	874	1023	1142	1311	1379	1666	2079	1934	2265	2728	2825	2842	2760	2980	3071	3344	3607	3547
Tunisia	2322	2365	2461	2897	3265	3351	3537	3964	4520	4333	4343	4472	4346	4420	4511	4061	3890	3657	3661	3556
Bolivia	995	949	905	908	969	1037	1227	1384	1729	1769	1973	2369	2636	2938	3115	3069	3111	3389	3588	3591
Morocco	1487	1490	1573	1914	2163	2233	2427	2760	3189	3163	3135	3367	3225	3464	3528	3236	3235	3401	3616	3623
Ukraine	664	785	885	1056	1375	1840	2319	3101	3945	2557	2983	3587	3874	4051	3120	2135	2201	2654	3119	3693
Federated_States_of_Micronesia	2146	2215	2233	2270	2225	2330	2367	2412	2484	2657	2826	2960	3108	3013	3034	3015	3190	3547	3933	4001
Eswatini	1819	1599	1474	2236	2797	3175	3262	3402	3214	3480	4264	4603	4628	4326	4134	3766	3514	4031	4227	4032
Sri_Lanka	1065	1017	1062	1163	1260	1478	1698	1929	2411	2472	2894	3320	3446	3737	3970	4058	4150	4401	4360	4083
Jordan	1726	1795	1890	1960	2128	2313	2600	2774	3415	3619	3915	4152	4393	4484	4262	4070	4009	4079	4152	4166
Indonesia	870	834	1003	1186	1280	1404	1766	2064	2417	2469	3177	3690	3740	3667	3533	3373	3605	3886	3946	4193
El_Salvador	1978	2051	2107	2198	2274	2434	2651	2815	2964	2890	3017	3305	3471	3555	3639	3761	3870	3986	4146	4280
Mongolia	473	521	566	639	790	989	1322	1616	2109	1688	2602	3702	4281	4294	4081	3800	3575	3613	4078	4309
Moldova	448	506	569	680	894	1031	1179	1526	2103	1891	2428	2930	3031	3307	3315	2716	2858	3423	4121	4377
Kosovo	1506	1704	1807	2206	2275	2318	2400	2866	3025	2878	3013	3562	3397	3699	3920	3554	3746	3991	4390	4433
Tonga	2067	1820	1829	2015	2289	2582	2865	2920	3361	3040	3561	4015	4153	3986	3963	3927	3792	4141	4330	4435
Algeria	1948	1919	1958	2305	2840	3258	3691	4208	5215	4262	4941	5946	6058	5998	6109	4692	4427	4554	4568	4453
Cape_Verde	1690	1875	2015	2524	2839	3091	3174	3565	4190	3919	3819	4259	3958	4175	4178	3561	3760	3966	4166	4466
Samoa	1552	1558	1639	1927	2342	2704	2850	3121	3734	3349	3658	3969	4089	4183	4153	4261	4325	4496	4391	4472
Armenia	621	692	779	923	1180	1628	2128	3079	3913	2912	3122	3417	3576	3732	3889	3529	3524	3869	4196	4597
Guatemala	1564	1662	1805	1860	1969	2176	2369	2599	2929	2714	2910	3265	3376	3522	3778	3994	4172	4452	4486	4647
Georgia	764	820	875	1035	1338	1683	2052	2700	3420	2891	3270	4101	4518	4711	4834	4090	4142	4420	4801	4739
Namibia	2192	1945	1811	2611	3458	3748	3897	4354	4181	4324	5390	5842	6009	5473	5449	4888	4455	5211	5381	4798
Azerbaijan	656	675	761	880	1040	1567	2453	3814	5564	4965	5881	7239	7546	7927	7939	5525	3898	4218	4760	4841
Marshall_Islands	2247	2427	2657	2625	2634	2695	2781	2905	2794	2893	3043	3241	3438	3596	3652	3681	4144	4548	4851	5275
Paraguay	1676	1578	1312	1378	1694	1858	2285	2989	4054	3624	4330	5302	5153	5893	6065	5360	5265	5608	5703	5302
Albania	1129	1283	1428	1830	2371	2674	2973	3595	4371	4114	4098	4440	4249	4416	4585	3954	4124	4543	5288	5395
Jamaica	3511	3530	3710	3586	3856	4241	4495	4829	5134	4507	4894	5333	5448	5238	5106	5205	5183	5413	5730	5782
Bosnia_and_Herzegovina	1481	1540	1785	2254	2699	2904	3307	4073	4985	4711	4634	5090	4773	5142	5253	4663	4875	5230	5859	5867
Fiji	2275	2234	2463	3073	3597	3940	4051	4405	4554	3682	4011	4803	5022	5277	5622	5397	5658	6050	6270	6079
Belize	4334	4410	4564	4705	4908	5031	5443	5687	5645	5337	5393	5539	5684	5918	6086	6153	6153	6104	6053	6181
Ecuador	1405	1824	2097	2358	2633	2961	3298	3534	4258	4111	4579	5210	5682	6144	6422	5975	5908	6221	6293	6199
Colombia	2535	2461	2424	2314	2827	3494	3837	4834	5622	5331	6499	7518	8237	8410	8312	6337	6037	6577	6924	6540
South_Africa	3382	2964	2778	4191	5393	6008	6251	6752	6338	6538	8118	8785	8186	7432	6952	6223	5721	6647	6956	6583
Guyana	2017	2024	2093	2144	2233	2306	2552	2982	3330	3457	3837	4403	5360	5477	5403	5580	5797	6104	6121	6594
Botswana	3290	3099	3006	4088	4744	5195	5143	5372	5346	4938	6042	7081	6393	6437	6844	5870	6412	6705	6948	6679
Suriname	2902	2466	3078	3550	4034	4773	5546	6123	7267	7865	8734	8756	9767	9937	9967	9036	5762	6159	6772	6716
North_Macedonia	1878	1840	1974	2441	2810	3120	3440	4204	5027	4799	4837	5419	5053	5629	5933	5264	5605	5971	6720	6720
Belarus	1080	1287	1530	1880	2459	3232	3979	4897	6591	5351	6033	6486	6951	7995	8333	5954	5038	5785	6358	6838
Peru	1910	1910	1998	2148	2405	2678	3131	3634	4287	4279	5201	5928	6639	6920	6881	6436	6454	6992	7211	7252
Serbia	1302	1734	2291	3010	3486	3695	4399	5879	7087	6168	5674	6810	6015	6753	6599	5589	5765	6293	7252	7417
Thailand	2008	1893	2096	2359	2660	2893	3369	3973	4378	4213	5077	5493	5861	6168	5952	5838	5995	6594	7296	7811
Gabon	4477	4066	4210	5016	5838	6943	7271	8652	10418	7857	8933	10893	9903	9761	9747	7453	7082	7370	8199	8111
Saint_Vincent_and_the_Grenadines	3973	4285	4518	4710	5082	5354	5934	6573	6740	6564	6613	6545	6686	6988	7028	7155	7390	7643	8002	8232
Equatorial_Guinea	1886	2617	3106	5374	8188	10816	12744	15785	22832	16579	17167	21476	21570	20253	19276	11219	9200	9621	10130	8356
Dominica	4681	4775	4680	4826	5165	5127	5497	5940	6463	6904	6981	7160	6995	7153	7389	7596	8089	7507	7981	8466
Dominican_Republic	2894	3007	3158	2461	2541	4008	4189	4803	5195	5151	5689	6063	6275	6414	6806	7140	7521	7875	8341	8595
Turkmenistan	1833	2503	3107	4039	4966	5943	7321	8780	7189	6671	6675	8285	9206	9148	9925	7794	7306	7691	8128	8612
Lebanon	3939	3955	4236	4326	4625	4630	4666	5162	5958	7150	7695	7914	8500	8255	7665	7803	8173	8680	9226	8808
Montenegro	1597	1894	2081	2746	3380	3680	4430	5985	7397	6746	6694	7328	6595	7199	7406	6534	7050	7820	8873	8925
Brazil	3752	3164	2844	3078	3648	4806	5906	7374	8863	8641	11341	13326	12465	12407	12231	8893	8813	10056	9282	9011
Turkey	4219	3088	3586	4711	5985	7331	7921	9676	10946	8979	10545	11214	11605	12497	12097	11011	10890	10630	9728	9144
Kazakhstan	1229	1491	1658	2068	2874	3771	5292	6771	8514	7165	9070	11634	12387	13891	12807	10511	7715	9248	9813	9813
Bulgaria	1625	1797	2091	2711	3370	3870	4477	5815	7162	6878	6754	7872	7454	7704	7925	7096	7594	8410	9485	9910
Argentina	8639	8085	2998	3761	4314	5164	5976	7316	9147	8338	10413	12788	13890	14489	13209	14895	12773	14618	11786	9942
China	951	1045	1141	1282	1500	1751	2095	2691	3447	3813	4500	5553	6283	7040	7646	8034	8063	8760	9849	10170
Mexico	7468	7902	7935	7390	7807	8626	9457	10064	10438	8347	9633	10554	10631	11099	11272	9915	9000	9543	9971	10260
Libya	7625	6693	3956	4986	6180	8739	10561	11801	14763	10196	12478	8132	14728	12026	9168	7707	7818	10414	11774	10526
Grenada	5057	5046	5192	5641	5722	6658	6673	7227	7844	7333	7340	7300	7434	7760	8334	9056	9572	10099	10419	10779
Malaysia	4348	4189	4442	4740	5245	5678	6351	7481	8766	7544	9047	10398	10807	10852	11165	9663	9523	9965	11080	11228
Mauritius	4158	4081	4253	5073	5702	5590	5773	6663	8138	7417	8108	9321	9416	9767	10366	9508	9968	10844	11643	11408
Russia	1898	2250	2547	3191	4396	5698	7416	9757	12464	9160	11432	14310	15285	15913	13984	9232	8689	10665	11183	11465
Saint_Lucia	5843	5553	5558	6052	6491	6862	7614	7944	8462	8249	8675	9113	9231	9544	10006	10293	10592	11281	11586	11733
Costa_Rica	3941	4042	4123	4228	4484	4756	5309	6194	6994	6879	8269	9271	10107	10765	10854	11635	11987	12185	12429	12691
Romania	1668	1801	2108	2672	3488	4609	5745	8274	10446	8540	8391	9547	8919	9482	10025	8952	9379	10717	12466	12928
Chile	5100	4608	4480	4825	6184	7558	9410	10447	10760	10177	12723	14560	15316	15740	14583	13494	13723	15004	15755	14552
Croatia	5053	5363	6215	8192	9718	10452	11506	13765	15897	14408	13710	14659	13460	14002	14041	12135	12632	13649	15139	15220
Maldives	2967	2780	2952	3691	4238	3960	5269	6128	7338	7451	8087	8078	8720	9766	10787	11839	12436	13374	14762	15374
Poland	4485	4988	5206	5700	6685	8024	9032	11253	13999	11532	12511	13777	13011	13550	14183	12545	12370	13820	15504	15695
Palau	7818	8269	8369	7889	8424	9326	9766	10225	10581	9970	10173	10978	12320	12917	13954	16037	17181	16433	16341	15992
Panama	4261	4244	4325	4470	4808	5146	5598	6350	7369	7807	8333	9654	11063	12273	13222	14102	14867	15731	16181	16526
Hungary	4619	5270	6645	8409	10292	11211	11483	13927	15762	13066	13199	14214	12970	13693	14279	12700	13083	14606	16421	16782
Trinidad_and_Tobago	6546	7046	7163	8931	10442	12472	14280	16766	21449	14777	16957	19301	20326	21208	21799	19723	17221	17369	17678	17044
Uruguay	7432	6804	4441	3942	4477	5663	6377	7623	9857	10232	12944	15341	16325	18272	18110	16792	16545	18627	18645	17686
Latvia	3343	3554	4121	5122	6343	7570	9690	14080	16435	12243	11317	13371	13787	14927	15686	13728	14259	15626	17807	17828
Antigua_and_Barbuda	11913	11413	11562	12089	12957	14295	16122	18196	18842	16580	15342	15016	15693	15020	15393	15809	16131	16328	17451	17851
Oman	9266	9088	9285	9793	11043	13563	15946	17716	25061	19236	21678	23519	24129	23328	23220	18925	17020	17732	19885	19069
Greece	12268	12579	14185	18535	22015	22608	24859	28900	32174	29829	26743	25437	21845	21712	21554	18024	17906	18552	19751	19141
Seychelles	7579	7663	8432	8525	10177	11093	12014	12156	11480	9707	10805	11647	12000	14762	15190	15376	16721	17738	18603	19367
Slovakia	3840	3982	4627	6342	8040	9142	10700	14375	18075	16591	16926	18527	17520	18285	18734	16400	16573	17592	19508	19397
Lithuania	3289	3526	4142	5498	6686	7860	9240	12309	14987	11851	12007	14397	14355	15749	16580	14263	15012	16867	19195	19624
Barbados	12272	12215	12390	12778	13745	15374	17097	19096	19477	18183	18377	18894	18583	18894	18935	18606	18705	19310	19655	20156
Saint_Kitts_and_Nevis	9262	9963	10388	10109	10883	11711	13748	14661	16492	16374	16428	17572	17294	18316	19945	20026	21079	22148	22534	23205
Portugal	11531	11735	12928	15794	18056	18791	19840	22814	24946	23126	22539	23213	20577	21654	22109	19252	19986	21483	23573	23333
Czech_Republic	6049	6659	8097	9857	11785	13459	15282	18514	22896	19864	20184	22069	20024	20257	20063	17945	18732	20882	23662	24013
Estonia	4085	4520	5360	7218	8925	10429	12659	16766	18274	14757	14697	17552	17579	19311	20575	17724	18661	20844	23629	24024
Taiwan	14844	13357	13651	14041	15290	16427	16893	17724	18054	16905	19181	20839	21256	21945	22844	22753	23071	25062	25826	25903
Slovenia	10194	10398	11666	14736	17125	18023	19614	23819	27610	24563	23367	24969	22475	23250	24030	20706	21451	23300	25988	25910
Bahrain	14819	14485	14075	15102	16642	18730	20086	21797	24223	20292	21713	25033	26439	26990	26452	23734	23800	24785	26324	27260
Saudi_Arabia	10449	9898	9937	11028	12891	15943	17827	19196	23404	18837	22028	26966	28349	27290	27080	22454	21516	23081	28036	27893
Cyprus	14465	14905	16188	20389	23970	25527	27449	31774	36010	32650	31522	32911	29075	27671	27077	23508	24803	26835	29632	29626
Spain	14755	15400	17102	21512	24950	26460	28447	32649	35577	32242	30693	31823	28479	29236	29719	25992	26753	28395	30651	29798
Brunei	20473	18646	19038	20976	24760	29460	34869	36678	42530	31287	35437	47092	47776	44865	41947	31354	27322	28443	31074	29865
Aruba	20681	20740	21307	21949	23701	24172	24846	26737	28172	25135	24093	25712	25120	25814	26130	27458	27442	28440	30082	31096
Kuwait	17639	15993	16857	20585	24864	35991	43618	47539	53059	38156	39342	47440	50784	48544	43459	29195	26796	28552	31369	31550
Puerto_Rico	16192	18244	18973	19820	20989	21959	22936	23665	24898	25769	26436	27279	27945	28513	28981	29755	30586	31347	31549	32852
Malta	11055	11086	11869	13755	15325	15852	16748	19655	22488	21319	21990	23585	23029	25554	27691	25795	26692	30755	33973	33106
Italy	20206	20576	22474	27673	31452	32148	33603	37989	40969	37143	35964	38476	34926	35723	36023	30610	31358	32797	35043	33767
Bahamas	26601	26971	28358	27896	28057	30031	30595	31499	30788	28793	28725	28366	29895	28700	29991	31574	31448	32427	33085	33778
South_Korea	12717	11983	13637	15211	17108	20163	22597	25075	22291	19933	24069	26178	26601	28449	30667	30172	30826	33297	35364	33827
Japan	39173	34411	32832	35410	38307	37819	36022	35847	39992	41470	45136	48761	49175	40935	38523	35006	39411	38903	39850	40548
France	23133	23122	24987	30525	34854	35978	37752	42983	47099	43178	42195	45503	42362	44211	44699	37989	38309	40037	42916	41831
New_Zealand	14022	13669	15707	20460	24849	27386	26220	31914	31763	28270	33393	38062	39684	42081	44285	38225	39415	42290	42757	42274
United_Kingdom	28338	27917	30127	34480	40411	42144	44590	50420	47884	38892	39642	42107	42502	43470	47468	44979	41115	40618	43275	42713
United_Arab_Emirates	34386	32621	32791	35017	39301	43984	44314	41467	39073	30920	36325	42987	45108	46207	47064	41423	40483	41972	45592	43982
Israel	21718	20973	19087	19672	20593	21285	22559	25739	30278	28522	31451	34535	33335	37049	38360	36228	37683	41156	42380	44298
Canada	24297	23860	24280	28340	32178	36441	40559	44717	46774	40989	47626	52286	52745	52711	51025	43628	42382	45192	46618	46431
Belgium	23137	23067	25044	30708	35498	36945	38842	44497	48493	44892	44448	47564	44824	46849	47897	41147	42076	44274	47685	46783
Germany	24158	24122	25753	31074	35001	35593	37530	43022	47154	43189	43233	47638	44764	47220	48983	41915	42949	45511	48897	47629
Hong_Kong	25574	25167	24731	23856	24874	26552	28028	30495	31488	30594	32421	34955	36624	38233	40185	42325	43488	46026	48310	48278
Finland	24370	24999	27000	32954	37812	39142	41300	48587	53895	47539	46648	51175	47694	49804	50181	42625	43503	46110	49698	48396
Austria	24636	24559	26508	32299	36884	38451	40675	46923	51914	48112	46955	51452	48617	50747	51814	44268	45279	47321	51234	50192
Sweden	29597	27219	29905	37220	42674	43292	46364	53366	55596	46497	52334	60166	57529	60564	59270	50929	51447	52971	53891	51529
Netherlands	26339	27056	29505	35960	40652	42226	45159	52182	58383	53258	51473	54815	50580	52681	53584	45905	46937	49640	54138	53755
Australia	20913	19502	21702	27295	32863	36257	37981	45208	49199	45772	56588	67293	68489	65248	61647	51469	51821	55845	56441	54391
Denmark	30777	30823	33304	40572	46685	48998	52214	58786	64827	58537	58240	61920	58560	61512	62701	53317	54699	57684	61457	59490
Qatar	30461	28600	30701	35920	42548	54358	60592	65934	72485	53823	69796	96828	101933	99180	93054	66347	57965	59128	66422	63008
United_States	36313	37101	37946	39405	41642	44034	46217	47943	48471	47102	48586	50008	51737	53364	55264	57007	58180	60293	63165	65561
Singapore	23853	21700	22160	23730	27608	29961	33768	39433	40009	38927	47237	53891	55548	56967	57565	55646	56900	61162	66841	66082
Iceland	32344	29061	32516	39620	47580	57406	58239	70375	57296	41189	43293	48812	47102	51059	55886	54229	63776	74369	76745	70625
Norway	38095	38554	43084	50162	57677	66924	74256	85277	97120	80116	87824	100816	101779	103215	97303	74568	70629	75940	82606	76304
Ireland	26187	28121	32482	40939	47388	50475	53738	60770	60990	51944	48636	52631	49386	52544	57175	64154	63934	71869	80412	81506
Switzerland	38985	39841	42667	49517	54786	56402	59239	65397	74670	71918	76847	90953	86304	87918	89274	84225	82589	82601	85561	84481
Luxembourg	48984	48719	53228	66161	77031	81728	91478	108344	121616	110249	112049	120526	113954	121423	125200	106710	107948	111212	117993	113860
