* *
0.881327 0
0.695604 0.5
0.636755 1
0.695604 1.5
0.881327 2
1 2.18489
1.1902 2.5
1.5 2.84168
1.64708 3
2 3.28789
2.30108 3.5
2.5 3.61871
3 3.8518
3.5 3.99164
3.58765 4
4 4.04106
4.41235 4
4.5 3.99164
5 3.8518
5.5 3.61871
5.69892 3.5
6 3.28789
6.35292 3
6.5 2.84168
6.8098 2.5
7 2.18489
7.11867 2
7.3044 1.5
7.36325 1
7.3044 0.5
7.11867 0
* *
8.37056 0
8.5 0.351257
8.56276 0.5
8.63255 1
8.56276 1.5
8.5 1.64874
8.37056 2
8.03633 2.5
8 2.53811
7.57914 3
7.5 3.06564
7 3.4784
6.97356 3.5
6.5 3.82072
6.19826 4
6 4.10776
5.5 4.3412
5.02666 4.5
5 4.50949
4.5 4.62894
4 4.66875
3.5 4.62894
3 4.50949
2.97334 4.5
2.5 4.3412
2 4.10776
1.80174 4
1.5 3.82072
1.02644 3.5
1 3.4784
0.5 3.06564
0.420858 3
0 2.53811
* *
0 4.17445
0.5 4.42457
0.655651 4.5
1 4.66875
1.5 4.88775
1.79423 5
2 5.09337
2.5 5.2878
3 5.42668
3.43572 5.5
3.5 5.51941
4 5.57329
4.5 5.51941
4.56428 5.5
5 5.42668
5.5 5.2878
6 5.09337
6.20577 5
6.5 4.88775
7 4.66875
7.34435 4.5
7.5 4.42457
8 4.17445
8.32593 4
8.5 3.89841
9 3.60317
9.174 3.5
9.5 3.27202
9.88504 3
10 2.89526
10.449 2.5
10.5 2.43486
10.8668 2
11 1.71995
11.1167 1.5
11.2037 1
11.1167 0.5
11 0.280049
10.8668 0
* *
6.24398 0
6.42937 0.5
6.48811 1
6.42937 1.5
6.24398 2
6 2.36669
5.90671 2.5
5.5 2.89526
5.36527 3
5 3.2244
4.5 3.4149
4 3.47841
3.5 3.4149
3 3.2244
2.63473 3
2.5 2.89526
2.09329 2.5
2 2.36669
1.75602 2
1.57063 1.5
1.51189 1
1.57063 0.5
1.75602 0
* *
3.43646 0
3.04722 0.5
3 0.689055
2.94444 1
3 1.31095
3.04722 1.5
3.43646 2
3.5 2.04855
4 2.18489
4.5 2.04855
4.56354 2
4.95278 1.5
5 1.31095
5.05556 1
5 0.689055
4.95278 0.5
4.56354 0
* *
0 8.29733
0.5 8.04884
0.5995 8
1 7.80254
1.5 7.58645
1.72462 7.5
2 7.37535
2.5 7.18564
3 7.05014
3.29902 7
3.5 6.94131
4 6.89028
4.5 6.94131
4.70098 7
5 7.05014
5.5 7.18564
6 7.37535
6.27538 7.5
6.5 7.58645
7 7.80254
7.4005 8
7.5 8.04884
8 8.29733
8.37511 8.5
8.5 8.57397
9 8.86885
9.21867 9
9.5 9.20003
9.91889 9.5
10 9.57536
10.4743 10
10.5 10.0336
10.8845 10.5
11 10.7528
11.1263 11
11.2034 11.5
11.1065 12
11 12.1936
10.8485 12.5
10.5 12.904
10.4229 13
10 13.3662
9.8503 13.5
9.5 13.7442
9.12813 14
9 14.0751
8.5 14.3708
8.27534 14.5
8 14.646
7.5 14.8979
7.28654 15
7 15.1396
6.5 15.3617
6.13432 15.5
6 15.5611
5.5 15.7606
5 15.9031
4.5 15.9885
4.30226 16
4 16.0341
3.69774 16
3.5 15.9885
3 15.9031
2.5 15.7606
2 15.5611
1.86568 15.5
1.5 15.3617
1 15.1396
0.713459 15
0.5 14.8979
0 14.646
* *
0 13.0124
0.452907 13.5
0.5 13.5385
1 13.9498
1.06247 14
1.5 14.293
1.85354 14.5
2 14.5789
2.5 14.8139
3 14.9818
3.08465 15
3.5 15.0992
4 15.1396
4.5 15.0992
4.91535 15
5 14.9818
5.5 14.8139
6 14.5789
6.14646 14.5
6.5 14.293
6.93753 14
7 13.9498
7.5 13.5385
7.54709 13.5
8 13.0124
8.01204 13
8.35628 12.5
8.5 12.1248
8.55459 12
8.63235 11.5
8.57045 11
8.5 10.8266
8.38437 10.5
8.05995 10
8 9.93605
7.61036 9.5
7.5 9.40723
7.01017 9
7 8.99303
6.5 8.65157
6.24862 8.5
6 8.3636
5.5 8.13167
5.11254 8
5 7.95969
4.5 7.84182
4 7.80254
3.5 7.84182
3 7.95969
2.88746 8
2.5 8.13167
2 8.3636
1.75138 8.5
1.5 8.65157
1 8.99303
0.989832 9
0.5 9.40723
0.389642 9.5
0 9.93605
* *
0 18.7693
0.5 18.5224
0.54496 18.5
1 18.2742
1.5 18.0609
1.65681 18
2 17.8449
2.5 17.6597
3 17.5273
3.16342 17.5
3.5 17.4046
4 17.3561
4.5 17.4046
4.83658 17.5
5 17.5273
5.5 17.6597
6 17.8449
6.34319 18
6.5 18.0609
7 18.2742
7.45504 18.5
7.5 18.5224
8 18.7693
8.42293 19
8.5 19.0463
9 19.3409
9.26216 19.5
9.5 19.6719
9.95187 20
* *
7.64079 20
7.5 19.88
7.05047 19.5
7 19.465
6.5 19.1239
6.2976 19
6 18.8352
5.5 18.6047
5.19596 18.5
5 18.4294
4.5 18.313
4 18.2742
3.5 18.313
3 18.4294
2.80404 18.5
2.5 18.6047
2 18.8352
1.7024 19
1.5 19.1239
1 19.465
0.949531 19.5
0.5 19.88
0.359209 20
* *
1.58957 20
2 19.6559
2.21412 19.5
2.5 19.3254
3 19.0928
3.32386 19
3.5 18.9504
4 18.901
4.5 18.9504
4.67614 19
5 19.0928
5.5 19.3254
5.78588 19.5
6 19.6559
6.41043 20
* *
5.44359 20
5 19.72
4.5 19.5279
4.28552 19.5
4 19.465
3.71448 19.5
3.5 19.5279
3 19.72
2.55641 20
* *
3.88137 14.5
3.5 14.4642
3 14.3241
2.5 14.0907
2.3463 14
2 13.76
1.67698 13.5
1.5 13.3131
1.21135 13
1 12.6585
0.895991 12.5
0.702492 12
0.63694 11.5
0.689117 11
0.867159 10.5
1 10.2882
1.16964 10
1.5 9.62946
1.61795 9.5
2 9.18409
2.25701 9
2.5 8.85333
3 8.62053
3.42668 8.5
3.5 8.47955
4 8.42985
4.5 8.47955
4.57332 8.5
5 8.62053
5.5 8.85333
5.74299 9
6 9.18409
6.38205 9.5
6.5 9.62946
6.83036 10
7 10.2882
7.13284 10.5
7.31088 11
7.36306 11.5
7.29751 12
7.10401 12.5
7 12.6585
6.78865 13
6.5 13.3131
6.32302 13.5
6 13.76
5.6537 14
5.5 14.0907
5 14.3241
4.5 14.4642
4.11863 14.5
4 14.5117
3.88137 14.5
* *
2.67545 13.5
2.5 13.3662
2.11688 13
2 12.8371
1.77065 12.5
1.5775 12
1.51207 11.5
1.56417 11
1.74188 10.5
2 10.1031
2.07032 10
2.5 9.57536
2.59507 9.5
3 9.24784
3.5 9.05658
3.94236 9
4 8.99302
4.05764 9
4.5 9.05658
5 9.24784
5.40493 9.5
5.5 9.57536
5.92968 10
6 10.1031
6.25812 10.5
6.43583 11
6.48793 11.5
6.4225 12
6.22935 12.5
6 12.8371
5.88312 13
5.5 13.3662
5.32455 13.5
5 13.6967
4.5 13.8865
4 13.9498
3.5 13.8865
3 13.6967
2.67545 13.5
* *
3.46718 12.5
3.06164 12
3 11.7784
2.94472 11.5
3 11.1518
3.03363 11
3.40677 10.5
3.5 10.4271
4 10.2882
4.5 10.4271
4.59323 10.5
4.96637 11
5 11.1518
5.05528 11.5
5 11.7784
4.93836 12
4.53282 12.5
4.5 12.5245
4 12.6585
3.5 12.5245
3.46718 12.5
