* *
49.4186 0
49.4186 10
39.5349 20
39.5349 20
39.5349 30
39.5349 40
39.5349 50
39.5349 60
39.5349 60
49.4186 70
49.4186 80
49.4186 80
59.3023 90
59.3023 100
49.4186 110
49.4186 110
39.5349 120
39.5349 120
39.5349 130
29.6512 140
29.6512 140
29.6512 150
19.7674 160
19.7674 160
9.88372 170
9.88372 170
9.88372 170
19.7674 180
19.7674 180
24.7093 190
24.7093 200
19.7674 210
19.7674 210
16.4729 220
9.88372 230
9.88372 230
4.94186 240
4.94186 250
0 260
* *
0 320
9.88372 310
9.88372 300
9.88372 290
9.88372 280
9.88372 280
12.3547 270
17.2965 260
19.7674 250
19.7674 250
26.3566 240
29.6512 230
29.6512 230
34.593 220
39.5349 210
39.5349 210
42.0058 200
44.4767 190
49.4186 180
49.4186 170
49.4186 170
54.3605 160
59.3023 155
61.7733 150
69.186 140
69.186 140
75.7752 130
79.0698 120
79.0698 120
88.9535 110
88.9535 100
88.9535 100
98.8372 90
98.8372 80
98.8372 70
88.9535 60
88.9535 60
88.9535 50
88.9535 40
88.9535 30
88.9535 30
98.8372 20
98.8372 10
98.8372 10
108.721 0
* *
143.314 0
138.372 10
138.372 10
128.488 20
128.488 20
118.605 30
118.605 30
118.605 30
123.547 40
128.488 50
123.547 60
121.899 70
118.605 80
118.605 80
112.016 90
108.721 95
106.25 100
100.814 110
98.8372 112.5
92.907 120
88.9535 126.667
86.9767 130
83.0233 140
79.0698 146.667
75.7752 150
69.186 160
69.186 160
64.2442 170
61.7733 180
59.3023 185
56.8314 190
53.3721 200
49.4186 210
49.4186 210
46.9477 220
42.0058 230
39.5349 240
39.5349 240
32.1221 250
29.6512 253.333
26.3566 260
23.7209 270
23.062 280
19.7674 290
19.7674 290
19.7674 290
21.4147 300
19.7674 310
19.7674 310
17.7907 320
14.8256 330
13.1783 340
11.8605 350
9.88372 355
8.23643 360
9.88372 370
9.88372 370
11.531 380
14.8256 390
18.1202 400
19.7674 405
21.4147 410
25.6977 420
27.6744 430
29.6512 433.333
39.5349 440
39.5349 440
44.4767 450
49.4186 460
49.4186 460
59.3023 465
64.2442 470
69.186 475
72.4806 480
79.0698 490
79.0698 500
79.0698 510
79.0698 510
88.9535 520
88.9535 520
98.8372 525
108.721 530
108.721 530
118.605 535
128.488 540
128.488 540
128.488 540
138.372 536.667
148.256 540
148.256 540
158.14 542
168.023 542.5
177.907 550
177.907 550
187.791 557.5
197.674 560
197.674 560
207.558 562.5
217.442 570
217.442 570
227.326 570
237.209 570
247.093 570
256.977 570
266.86 572
276.744 573.333
286.628 580
286.628 580
296.512 583.333
306.395 580
306.395 580
316.279 575
326.163 572.5
331.105 570
336.047 567.5
345.93 565
355.814 560
355.814 560
365.698 556.667
375.581 550
375.581 550
385.465 545
390.407 540
395.349 536.667
405.233 530
405.233 530
415.116 525
425 526.667
434.884 523.333
444.767 525
454.651 525
464.535 520
464.535 520
474.419 515
484.302 513.333
494.186 510
494.186 510
504.07 500
504.07 500
513.953 490
513.953 490
523.837 480
523.837 480
533.721 470
533.721 470
543.605 464.286
553.488 460
563.372 462.857
573.256 463.75
583.14 463.75
593.023 466.667
602.907 466.667
612.791 463.333
622.674 460
622.674 460
629.264 450
632.558 445
637.5 440
642.442 435
647.384 430
652.326 425
657.267 420
662.209 410
662.209 410
668.798 400
672.093 390
672.093 390
677.035 380
681.977 375
686.919 370
691.86 360
691.86 360
696.802 350
701.744 345
706.686 340
711.628 335
721.512 330
721.512 330
731.395 320
731.395 320
741.279 310
741.279 310
746.221 300
751.163 290
751.163 290
751.163 280
751.163 270
751.163 270
748.692 260
747.209 250
744.574 240
744.103 230
742.691 220
741.279 217.5
737.043 210
733.043 200
731.395 196.667
728.571 190
725.748 180
724.336 170
724.806 160
725.465 150
728.101 140
729.983 130
731.395 125
733.866 120
731.395 110
731.395 110
724.806 100
721.512 93.3333
719.535 90
714.922 80
711.628 75
709.651 70
706.686 60
705.039 50
705.039 40
701.744 30
701.744 30
696.802 20
691.86 10
691.86 10
686.919 0
* *
708.333 0
711.628 5
714.099 10
716.57 20
716.57 30
719.041 40
721.512 50
721.512 50
721.512 60
726.453 70
728.924 80
729.419 90
731.395 95
736.337 100
741.279 105
746.221 110
747.868 120
741.279 130
741.279 130
738.808 140
736.337 150
734.69 160
731.395 170
734.69 180
738.808 190
741.279 200
741.279 200
746.221 210
749.751 220
751.163 230
751.163 230
761.047 240
761.047 240
770.93 250
780.814 250
780.814 250
790.698 260
800.581 260
800.581 260
800.581 270
810.465 280
810.465 280
810.465 290
810.465 290
800.581 300
800.581 300
790.698 310
790.698 310
780.814 313.333
770.93 320
770.93 320
761.047 330
761.047 330
751.163 340
751.163 340
744.574 350
741.279 360
741.279 360
731.395 363.333
721.512 365
711.628 370
711.628 370
701.744 380
701.744 380
691.86 390
691.86 390
686.919 400
681.977 403.333
677.035 410
677.035 420
672.093 423.333
667.151 430
662.209 440
662.209 440
652.326 445
645.736 450
642.442 455
639.147 460
632.558 470
632.558 470
622.674 476.667
612.791 480
612.791 480
612.791 480
602.907 478
593.023 477.5
583.14 480
583.14 480
573.256 480
563.372 490
563.372 490
553.488 490
543.605 500
543.605 500
533.721 500
523.837 510
523.837 510
513.953 520
513.953 520
504.07 530
504.07 530
494.186 540
494.186 540
484.302 550
484.302 550
474.419 550
464.535 550
454.651 555
444.767 560
444.767 560
434.884 560
425 560
415.116 570
415.116 570
405.233 570
395.349 570
385.465 580
385.465 580
375.581 580
365.698 580
355.814 590
355.814 590
345.93 590
336.047 590
326.163 590
316.279 600
* *
266.86 600
256.977 590
256.977 590
247.093 580
237.209 580
227.326 580
217.442 580
207.558 580
197.674 580
197.674 580
187.791 570
177.907 570
168.023 570
158.14 570
148.256 570
138.372 570
128.488 570
128.488 570
118.605 560
108.721 560
98.8372 560
88.9535 560
88.9535 560
79.0698 550
79.0698 550
69.186 540
69.186 540
59.3023 530
59.3023 530
49.4186 520
49.4186 520
39.5349 510
39.5349 510
39.5349 500
39.5349 490
29.6512 480
29.6512 480
19.7674 470
19.7674 470
19.7674 460
19.7674 450
19.7674 440
14.8256 430
9.88372 420
9.88372 420
9.88372 410
9.88372 400
0 390
* *
0 570
9.88372 580
9.88372 580
19.7674 590
19.7674 590
29.6512 600
* *
128.488 600
138.372 595
148.256 595
158.14 595
168.023 595
177.907 600
* *
454.651 600
464.535 590
464.535 590
474.419 580
484.302 580
494.186 580
504.07 580
513.953 580
513.953 580
523.837 570
533.721 570
533.721 570
543.605 560
543.605 560
553.488 550
563.372 550
563.372 550
573.256 540
573.256 540
573.256 530
573.256 520
583.14 510
583.14 510
593.023 505
602.907 500
602.907 500
612.791 496.667
622.674 495
632.558 490
632.558 490
642.442 485
645.736 480
652.326 470
652.326 470
662.209 460
662.209 460
672.093 450
672.093 450
681.977 441.667
691.86 440
691.86 440
701.744 430
701.744 430
711.628 420
711.628 420
721.512 410
721.512 410
731.395 400
731.395 400
741.279 390
741.279 390
751.163 380
751.163 380
761.047 370
761.047 370
770.93 360
770.93 360
780.814 350
780.814 350
780.814 340
790.698 330
800.581 330
800.581 330
810.465 320
810.465 320
820.349 316.667
830.233 310
830.233 310
836.822 300
840.116 290
840.116 290
841.764 280
840.116 270
840.116 270
835.174 260
830.233 250
830.233 250
820.349 246.667
810.465 243.333
800.581 240
800.581 240
790.698 235
780.814 230
780.814 230
770.93 225
767.636 220
761.047 210
761.047 210
757.752 200
754.457 190
751.163 180
751.163 170
761.047 160
761.047 160
770.93 150
770.93 150
770.93 140
775.872 130
770.93 120
770.93 110
770.93 100
770.93 90
770.93 90
761.047 80
761.047 80
756.105 70
751.163 60
751.163 50
751.163 50
741.279 50
736.337 40
736.337 30
731.395 20
731.395 10
731.395 10
726.453 0
* *
770.93 0
780.814 10
790.698 10
800.581 10
800.581 10
800.581 20
800.581 30
810.465 40
810.465 40
820.349 50
820.349 50
830.233 60
830.233 60
840.116 70
840.116 70
850 80
* *
850 100
840.116 110
840.116 110
830.233 110
820.349 120
820.349 130
830.233 140
830.233 140
840.116 150
840.116 150
850 160
* *
850 330
840.116 330
830.233 340
830.233 340
820.349 340
810.465 350
810.465 350
800.581 360
800.581 360
790.698 370
790.698 370
780.814 380
780.814 380
770.93 390
770.93 390
761.047 400
761.047 400
751.163 410
751.163 410
741.279 420
741.279 420
731.395 430
731.395 430
721.512 440
721.512 440
711.628 450
711.628 450
701.744 460
701.744 460
691.86 470
691.86 480
691.86 480
681.977 490
681.977 490
672.093 500
672.093 510
672.093 520
672.093 520
662.209 530
662.209 540
662.209 550
662.209 560
662.209 560
652.326 570
652.326 580
652.326 590
652.326 600
* *
168.023 0
158.14 10
158.14 10
158.14 20
154.845 30
148.256 40
148.256 40
144.961 50
143.314 60
141.667 70
138.372 80
138.372 80
133.43 90
128.488 95
123.547 100
118.605 105
113.663 110
108.721 115
105.426 120
98.8372 126.667
96.8605 130
92.907 140
88.9535 150
88.9535 150
84.0116 160
79.0698 170
79.0698 170
73.1395 180
69.186 190
69.186 190
64.2442 200
59.3023 210
59.3023 210
57.3256 220
54.3605 230
51.8895 240
49.4186 245
46.124 250
39.5349 256.667
37.064 260
34.593 270
37.064 280
32.1221 290
29.6512 300
29.6512 300
28.0039 310
26.3566 320
23.062 330
21.4147 340
21.1794 350
19.7674 355
17.7907 360
18.1202 370
19.7674 380
19.7674 380
23.062 390
26.3566 400
29.6512 410
29.6512 410
35.5814 420
39.5349 426.667
42.8295 430
49.4186 435
56.0078 440
59.3023 443.333
64.2442 450
69.186 455
74.1279 460
79.0698 466.667
82.3643 470
88.9535 480
88.9535 480
95.5426 490
98.8372 495
102.132 500
108.721 506.667
118.605 510
118.605 510
128.488 517.5
133.43 520
138.372 522.5
148.256 530
148.256 530
158.14 530
168.023 532
177.907 537.5
180.378 540
187.791 546
197.674 547.143
207.558 549.091
208.97 550
215.465 560
217.442 561.667
227.326 561.667
237.209 561.667
247.093 561.667
256.977 561.667
266.86 563.333
276.744 564.286
286.628 565.714
296.512 568
306.395 566
316.279 562.5
321.221 560
326.163 558.333
336.047 555
345.93 550
345.93 550
355.814 543.333
360.756 540
365.698 536.667
375.581 530
375.581 530
385.465 523.333
390.407 520
395.349 516.667
405.233 513.333
415.116 510
415.116 510
425 500
434.884 500
444.767 500
444.767 500
454.651 490
464.535 490
474.419 490
484.302 490
484.302 490
494.186 480
494.186 480
504.07 470
504.07 470
513.953 460
513.953 460
523.837 453.333
533.721 450
543.605 450
553.488 450
563.372 450
573.256 453.333
583.14 455
593.023 457.5
602.907 454
612.791 450
612.791 450
620.698 440
622.674 436.667
629.264 430
632.558 425
635.853 420
642.442 410
642.442 410
652.326 400
652.326 400
655.62 390
658.915 380
662.209 370
662.209 370
667.151 360
672.093 350
672.093 350
677.035 340
681.977 330
681.977 330
691.86 320
691.86 320
696.802 310
701.744 305
706.686 300
711.628 295
716.57 290
721.512 280
721.512 280
721.512 270
731.395 260
731.395 260
734.69 250
735.349 240
735.349 230
734.69 220
731.395 213.333
729.419 210
725.748 200
721.512 190
721.512 190
718.688 180
716.57 170
716.57 160
716.57 150
719.535 140
721.512 135
722.924 130
721.512 120
721.512 120
719.041 110
714.099 100
711.628 95
708.333 90
701.744 80
701.744 80
696.802 70
691.86 60
691.86 60
686.919 50
681.977 40
681.977 30
681.977 30
672.093 30
672.093 30
662.209 40
652.326 40
652.326 40
642.442 50
642.442 50
632.558 60
632.558 60
622.674 70
612.791 70
602.907 70
593.023 70
583.14 70
573.256 70
573.256 70
563.372 73.3333
553.488 75
543.605 70
543.605 70
533.721 70
523.837 70
513.953 60
513.953 60
504.07 50
504.07 50
494.186 50
494.186 50
484.302 60
474.419 60
474.419 60
464.535 70
454.651 70
444.767 70
444.767 70
434.884 80
425 80
415.116 80
415.116 80
405.233 90
395.349 90
385.465 90
375.581 90
365.698 90
355.814 80
355.814 80
345.93 80
336.047 70
336.047 70
326.163 60
326.163 60
316.279 50
316.279 50
306.395 40
306.395 40
296.512 30
296.512 30
286.628 20
286.628 20
276.744 10
276.744 10
266.86 6.66667
256.977 0
* *
286.628 0
296.512 5
301.453 10
306.395 15
311.337 20
316.279 25
321.221 30
326.163 35
331.105 40
336.047 45
345.93 45
355.814 45
365.698 45
375.581 50
375.581 50
385.465 60
395.349 55
405.233 50
405.233 50
415.116 40
415.116 40
425 36.6667
434.884 35
444.767 30
444.767 30
454.651 25
464.535 20
464.535 20
474.419 20
484.302 10
484.302 10
494.186 0
* *
504.07 0
513.953 10
513.953 10
523.837 20
523.837 20
533.721 30
543.605 30
553.488 30
553.488 30
563.372 40
573.256 35
583.14 30
583.14 30
593.023 20
593.023 20
602.907 10
602.907 10
612.791 10
622.674 0
* *
425 0
415.116 10
415.116 10
405.233 20
405.233 20
395.349 25
385.465 20
385.465 20
375.581 16.6667
365.698 15
355.814 15
345.93 10
345.93 10
336.047 0
* *
306.395 0
306.395 0
306.395 0
* *
276.744 30
266.86 20
266.86 20
256.977 12.5
253.682 10
247.093 5
237.209 4
227.326 3.33333
217.442 6.66667
207.558 10
197.674 10
197.674 10
187.791 15
177.907 20
177.907 20
174.612 30
172.965 40
168.023 50
168.023 50
163.081 60
161.434 70
158.14 80
158.14 80
154.845 90
148.256 100
148.256 100
138.372 105
133.43 110
128.488 115
123.547 120
118.605 125
113.663 130
108.721 133.333
103.779 140
98.8372 150
98.8372 150
94.8837 160
88.9535 170
88.9535 170
84.0116 180
79.0698 190
79.0698 190
75.1163 200
71.1628 210
69.186 220
69.186 220
65.2326 230
63.2558 240
59.3023 250
59.3023 250
52.7132 260
49.4186 265
46.9477 270
47.4419 280
42.8295 290
39.5349 294
35.8285 300
33.6047 310
33.887 320
31.2984 330
29.6512 340
29.6512 340
28.2392 350
26.3566 360
26.3566 370
28.0039 380
29.6512 385
31.2984 390
34.593 400
37.8876 410
39.5349 412.5
46.9477 420
49.4186 422.5
59.3023 430
59.3023 430
67.2093 440
69.186 442.5
75.1163 450
79.0698 454
88.9535 460
88.9535 460
96.3663 470
98.8372 475
101.308 480
108.721 490
108.721 490
118.605 500
118.605 500
128.488 505
135.078 510
138.372 512
148.256 520
148.256 520
158.14 520
168.023 523.333
177.907 527.5
181.202 530
187.791 536.667
197.674 540
197.674 540
207.558 544.545
216.03 550
217.442 552
227.326 554.286
237.209 554.286
247.093 553.333
256.977 554.286
266.86 555
276.744 556.667
286.628 558.333
296.512 558
306.395 556
316.279 553.333
326.163 550
326.163 550
336.047 545
343.459 540
345.93 536.667
352.519 530
355.814 526.667
365.698 520
365.698 520
375.581 513.333
380.523 510
385.465 507.5
395.349 502.5
405.233 500
405.233 500
411.822 490
415.116 485
420.058 480
425 470
434.884 470
434.884 470
444.767 460
444.767 460
454.651 455
464.535 450
474.419 450
484.302 450
494.186 450
494.186 450
504.07 445
513.953 440
523.837 440
533.721 440
533.721 440
543.605 437.143
550.194 440
553.488 441.667
563.372 443.75
573.256 445
583.14 446.25
593.023 447.143
602.907 440
602.907 440
612.791 437.5
617.733 430
621.262 420
622.674 416.667
627.616 410
632.558 403.333
635.853 400
639.971 390
642.442 380
642.442 380
642.442 370
642.442 360
647.384 350
652.326 340
652.326 340
657.267 330
662.209 320
662.209 320
672.093 310
672.093 310
677.035 300
681.977 290
681.977 290
691.86 280
691.86 280
701.744 270
701.744 270
706.686 260
711.628 250
711.628 250
721.512 240
721.512 240
721.512 230
721.512 220
721.512 220
719.535 210
718.217 200
714.452 190
711.628 180
711.628 180
708.333 170
706.686 160
707.674 150
709.651 140
711.628 130
711.628 130
711.628 130
708.333 120
705.039 110
701.744 105
691.86 100
691.86 100
681.977 90
681.977 90
672.093 80
672.093 80
662.209 75
652.326 75
642.442 80
632.558 80
632.558 80
622.674 82.5
612.791 84
602.907 83.3333
593.023 83.3333
583.14 85
573.256 85
563.372 86
553.488 88
543.605 90
533.721 87.5
523.837 86.6667
513.953 87.5
504.07 90
494.186 86.6667
484.302 86.6667
474.419 90
464.535 90
464.535 90
454.651 93.3333
444.767 95
434.884 100
425 100
425 100
415.116 106.667
405.233 107.5
395.349 110
385.465 110
385.465 110
375.581 112.5
370.64 110
365.698 107.5
355.814 100
355.814 100
345.93 92.5
342.636 90
336.047 85
329.457 80
326.163 77.5
316.279 70
316.279 70
310.349 60
306.395 56
300.465 50
296.512 46
289.099 40
286.628 37.5
276.744 30
276.744 30
* *
266.86 33.3333
261.919 30
256.977 26.6667
250.388 20
247.093 17.5
237.209 16.6667
227.326 20
227.326 20
217.442 25
207.558 30
197.674 30
197.674 30
197.674 40
192.733 50
187.791 60
187.791 60
182.849 70
177.907 80
177.907 80
177.907 90
168.023 100
168.023 100
161.434 110
158.14 113.333
148.256 120
148.256 120
138.372 126.667
135.078 130
128.488 135
121.899 140
118.605 142.5
111.192 150
108.721 152.5
103.779 160
99.9354 170
98.8372 172.5
93.8953 180
90.189 190
88.9535 192.5
84.0116 200
80.4817 210
79.0698 220
79.0698 220
75.1163 230
72.4806 240
70.8333 250
69.186 255
66.7151 260
61.2791 270
59.3023 280
59.3023 280
51.0659 290
49.4186 292
42.8295 300
39.5349 306.667
38.5465 310
39.5349 315
40.7703 320
39.5349 330
39.5349 330
37.8876 340
37.5581 350
35.5814 360
35.5814 370
37.5581 380
39.5349 390
39.5349 390
43.4884 400
49.4186 407.5
51.3953 410
59.3023 418
60.9496 420
69.186 430
69.186 430
77.093 440
79.0698 442.5
88.9535 450
88.9535 450
98.8372 457.5
101.308 460
106.744 470
108.721 473.333
115.31 480
118.605 483.333
125.194 490
128.488 492.5
138.372 500
138.372 500
148.256 507.5
153.198 510
158.14 511.667
168.023 515.714
175.436 520
177.907 521.25
187.791 528.571
189.767 530
197.674 534.444
207.558 540
207.558 540
217.442 544.286
227.326 546.667
237.209 546.667
247.093 545.714
256.977 546.667
266.86 547.143
276.744 548.333
286.628 550
286.628 550
286.628 550
296.512 548.333
306.395 546.667
316.279 544
326.163 540
326.163 540
336.047 533.333
338.517 530
345.93 520
345.93 520
355.814 510
355.814 510
365.698 506.667
375.581 500
375.581 500
385.465 495
392.054 490
395.349 485
400.291 480
405.233 470
405.233 470
411.822 460
415.116 450
415.116 450
425 440
425 440
434.884 430
434.884 430
444.767 420
454.651 420
464.535 423.333
474.419 430
474.419 430
484.302 430
494.186 430
494.186 430
504.07 425
513.953 425
523.837 426.667
533.721 427.5
543.605 430
543.605 430
553.488 433.333
563.372 436
573.256 437.5
583.14 440
583.14 440
593.023 440
593.023 440
602.907 432.857
607.849 430
612.791 423.333
614.203 420
617.733 410
622.674 400
622.674 400
625.969 390
625.969 380
625.969 370
625.969 360
625.969 350
627.616 340
632.558 330
632.558 330
637.5 320
642.442 310
642.442 310
649.855 300
652.326 295
655.62 290
662.209 280
662.209 280
672.093 270
672.093 270
681.977 265
686.919 260
691.86 250
691.86 250
698.45 240
701.744 235
705.039 230
707.674 220
709.157 210
709.157 200
706.686 190
704.568 180
701.744 173.333
700.332 170
697.508 160
698.45 150
700.332 140
699.273 130
691.86 122.5
681.977 120
681.977 120
672.093 113.333
667.151 110
662.209 105
652.326 100
652.326 100
642.442 96.6667
632.558 96.6667
622.674 95
612.791 95
602.907 92.5
593.023 92.5
583.14 94
573.256 95
563.372 96
553.488 98
543.605 98.3333
533.721 100
533.721 100
523.837 103.333
513.953 103.333
504.07 106.667
494.186 106.667
484.302 110
474.419 110
474.419 110
464.535 113.333
454.651 113.333
444.767 116.667
434.884 120
425 120
425 120
415.116 122.5
405.233 122.5
395.349 125
385.465 125
375.581 124
365.698 120
365.698 120
355.814 115
349.225 110
345.93 106.667
339.341 100
336.047 97.5
326.163 90
326.163 90
316.279 82.5
312.984 80
306.395 73.3333
303.924 70
298.983 60
296.512 57.5
286.628 50
286.628 50
276.744 43.3333
273.45 40
266.86 33.3333
* *
256.977 43.3333
252.035 40
247.093 35
237.209 36.6667
227.326 40
227.326 40
217.442 50
217.442 50
207.558 60
207.558 60
202.616 70
197.674 80
197.674 80
194.38 90
187.791 100
187.791 100
181.202 110
177.907 115
172.965 120
168.023 123.333
158.14 130
158.14 130
148.256 131.429
138.372 136.667
134.419 140
128.488 146
123.547 150
118.605 152.857
111.545 160
108.721 164
105.426 170
100.814 180
98.8372 185
96.3663 190
91.4244 200
88.9535 206.667
87.5415 210
85.2471 220
82.7762 230
80.4817 240
79.0698 250
79.0698 250
75.7752 260
71.1628 270
69.186 280
69.186 280
59.3023 290
59.3023 290
51.0659 300
49.4186 303.333
46.124 310
46.9477 320
47.7713 330
47.4419 340
49.4186 350
46.9477 360
46.9477 370
47.4419 380
49.4186 390
49.4186 390
54.3605 400
59.3023 406.667
61.2791 410
69.186 420
69.186 420
79.0698 430
79.0698 430
88.9535 436.667
92.2481 440
98.8372 445
105.426 450
108.721 453.333
113.663 460
118.605 466.667
121.076 470
128.488 480
128.488 480
138.372 487.5
140.843 490
148.256 496
153.198 500
158.14 503.333
168.023 508.571
170 510
177.907 515
185.814 520
187.791 521.429
197.674 528.333
202.616 530
207.558 531.667
217.442 536
227.326 538
237.209 538
247.093 538
256.977 538.333
266.86 540
266.86 540
276.744 540
286.628 541.667
296.512 540
296.512 540
306.395 538.333
316.279 534
322.868 530
326.163 527.5
336.047 522
337.694 520
345.93 511.667
347.578 510
355.814 504.444
363.721 500
365.698 498.333
375.581 491.667
378.052 490
385.465 482.5
387.442 480
391.395 470
395.349 460
395.349 460
398.643 450
401.938 440
405.233 435
410.174 430
415.116 420
415.116 420
425 413.333
428.295 410
434.884 400
444.767 400
444.767 400
454.651 395
464.535 400
464.535 400
474.419 400
484.302 405
494.186 405
504.07 406.667
513.953 410
513.953 410
523.837 412.5
533.721 415
543.605 417.5
548.547 420
553.488 422.5
563.372 425
573.256 425
583.14 426.667
593.023 425
597.965 420
602.907 416.667
607.849 410
612.791 400
612.791 400
612.791 400
610.32 390
609.496 380
610.32 370
607.849 360
602.907 355
597.965 350
593.023 340
597.965 330
602.907 320
602.907 320
612.791 310
612.791 310
622.674 300
622.674 300
632.558 296.667
642.442 290
642.442 290
648.372 280
652.326 273.333
655.62 270
662.209 260
662.209 260
672.093 250
672.093 250
678.682 240
681.977 235
685.271 230
691.86 220
691.86 220
696.802 210
696.802 200
697.791 190
696.802 180
693.272 170
691.86 165
690.449 160
690.213 150
691.86 145
693.272 140
691.86 136.667
681.977 132
678.682 130
672.093 126
662.209 120
662.209 120
652.326 115
642.442 113.333
632.558 110
632.558 110
622.674 107.5
612.791 107.5
602.907 105
593.023 105
583.14 106.667
573.256 107.5
563.372 110
553.488 110
553.488 110
543.605 113.333
533.721 116.667
523.837 120
513.953 120
513.953 120
504.07 123.333
494.186 125
484.302 126.667
474.419 130
464.535 130
454.651 130
444.767 130
444.767 130
434.884 132
425 134
415.116 134
405.233 135
395.349 136
385.465 137.5
375.581 135
365.698 130
365.698 130
355.814 125
348.401 120
345.93 118
336.047 113.333
331.105 110
326.163 106.667
319.574 100
316.279 96.6667
309.69 90
306.395 87.5
298.983 80
296.512 76.6667
289.922 70
286.628 66.6667
276.744 60
276.744 60
266.86 53.3333
263.566 50
256.977 43.3333
* *
247.093 60
237.209 60
237.209 60
227.326 70
227.326 70
220.736 80
217.442 85
212.5 90
207.558 100
207.558 100
197.674 110
197.674 110
190.262 120
187.791 122.5
180.378 130
177.907 131.667
168.023 136
158.14 137.143
148.256 138.571
145.785 140
138.372 145
133.43 150
128.488 155
118.605 160
118.605 160
111.545 170
108.721 174
105.756 180
102.132 190
98.8372 197.5
97.6017 200
94.6013 210
91.7774 220
88.9535 230
88.9535 230
87.5415 240
86.1296 250
81.7653 260
79.9683 270
79.0698 273.333
76.2458 280
69.186 288.333
67.5388 290
59.3023 300
59.3023 300
55.3488 310
55.3488 320
56.0078 330
57.3256 340
59.3023 350
59.3023 360
59.3023 370
59.3023 380
59.3023 380
62.5969 390
66.7151 400
69.186 405
72.4806 410
79.0698 416.667
84.0116 420
88.9535 422.5
98.8372 430
98.8372 430
108.721 440
108.721 440
118.605 450
118.605 450
128.488 460
128.488 460
135.078 470
138.372 473.333
143.314 480
148.256 485
154.845 490
158.14 492.5
165.552 500
168.023 501.429
177.907 507.5
181.202 510
187.791 513.333
197.674 520
197.674 520
207.558 522
217.442 525
227.326 528
237.209 528
247.093 528.333
256.977 530
256.977 530
266.86 532.857
276.744 532.857
286.628 532
296.512 531.667
306.395 530
306.395 530
316.279 520
316.279 520
326.163 516
336.047 510
336.047 510
345.93 503.333
352.519 500
355.814 498
365.698 490
365.698 490
375.581 480
375.581 480
381.512 470
382.994 460
382.994 450
385.465 440
385.465 440
388.76 430
392.878 420
395.349 416.667
405.233 410
405.233 410
415.116 403.333
418.411 400
425 390
425 390
432.413 380
434.884 376.667
444.767 376.667
454.651 375
464.535 376.667
474.419 380
474.419 380
484.302 383.333
494.186 385
504.07 390
504.07 390
513.953 393.333
523.837 390
533.721 400
533.721 400
543.605 400
553.488 410
553.488 410
563.372 410
573.256 410
583.14 410
583.14 410
593.023 400
593.023 400
593.023 390
593.023 380
593.023 370
593.023 370
583.14 360
583.14 360
573.256 360
563.372 350
563.372 340
563.372 330
573.256 320
573.256 320
573.256 310
583.14 300
583.14 300
593.023 295
597.965 290
602.907 286.667
612.791 285
622.674 280
622.674 280
632.558 276.667
642.442 273.333
644.419 270
649.855 260
652.326 255
655.62 250
662.209 240
662.209 240
668.798 230
672.093 225
675.388 220
681.977 210
681.977 210
684.448 200
685.271 190
685.271 180
683.953 170
683.389 160
681.977 150
681.977 150
672.093 140
672.093 140
662.209 133.333
652.326 130
652.326 130
642.442 127.5
632.558 126.667
622.674 123.333
612.791 123.333
602.907 120
602.907 120
593.023 120
583.14 120
583.14 120
573.256 125
563.372 125
553.488 130
553.488 130
543.605 133.333
533.721 136.667
523.837 140
513.953 140
513.953 140
504.07 143.333
494.186 143.333
484.302 143.333
474.419 143.333
464.535 143.333
454.651 143.333
444.767 143.333
434.884 145
425 146.667
415.116 146.667
405.233 147.5
395.349 147.5
385.465 150
375.581 147.5
365.698 142.5
362.403 140
355.814 135
345.93 130
345.93 130
336.047 127.5
326.163 123.333
321.221 120
316.279 116.667
309.69 110
306.395 105
301.453 100
296.512 96.6667
289.922 90
286.628 86.6667
276.744 80
276.744 80
266.86 70
266.86 70
256.977 63.3333
247.093 60
247.093 60
* *
266.86 90
256.977 85
247.093 83.3333
237.209 85
232.267 90
227.326 93.3333
222.384 100
217.442 105
212.5 110
207.558 115
202.616 120
197.674 125
192.733 130
187.791 132.857
177.907 140
177.907 140
168.023 143.333
158.14 144.286
148.256 146.667
143.314 150
138.372 152.857
131.312 160
128.488 162.5
118.605 170
118.605 170
111.545 180
108.721 186.667
107.623 190
103.779 200
102.132 210
98.8372 220
98.8372 220
97.1899 230
94.6013 240
92.6599 250
88.9535 255
86.2579 260
84.4609 270
82.3643 280
79.0698 287.5
77.093 290
69.186 298
67.5388 300
65.2326 310
66.7151 320
66.7151 330
69.186 340
69.186 340
71.1628 350
71.657 360
71.657 370
75.7752 380
79.0698 390
79.0698 390
85.6589 400
88.9535 405
93.8953 410
98.8372 415
100.814 420
108.721 428
111.192 430
118.605 436
122.558 440
128.488 447.5
130.959 450
138.372 457.5
140.349 460
148.256 470
148.256 470
158.14 480
158.14 480
168.023 490
168.023 490
177.907 495
187.791 500
187.791 500
197.674 507.5
207.558 510
207.558 510
217.442 514
227.326 517.5
237.209 518.333
247.093 520
247.093 520
256.977 523.75
266.86 525.714
276.744 525
286.628 523.333
296.512 522
301.453 520
306.395 518
316.279 511.667
319.574 510
326.163 506.667
336.047 501.667
338.517 500
345.93 495
353.343 490
355.814 488
363.721 480
365.698 476.667
370.64 470
371.628 460
372.287 450
375.581 440
375.581 440
377.558 430
381.512 420
385.465 410
385.465 410
395.349 400
395.349 400
405.233 395
411.822 390
415.116 386.667
420.058 380
425 373.333
427.471 370
434.884 362.5
444.767 360
454.651 360
464.535 360
474.419 363.333
484.302 363.333
489.244 360
494.186 356.667
504.07 360
504.07 360
513.953 360
513.953 360
523.837 350
523.837 350
533.721 340
533.721 340
533.721 330
538.663 320
540.31 310
543.605 305
548.547 300
553.488 295
558.43 290
563.372 286.667
573.256 283.333
583.14 280
583.14 280
593.023 275
602.907 270
602.907 270
612.791 266.667
622.674 263.333
632.558 260
632.558 260
642.442 250
642.442 250
649.855 240
652.326 235
654.797 230
658.915 220
662.209 215
665.504 210
668.798 200
668.798 190
668.798 180
665.504 170
662.209 160
662.209 160
652.326 150
652.326 150
642.442 140
642.442 140
632.558 140
622.674 140
612.791 140
602.907 140
602.907 140
593.023 145
583.14 145
573.256 145
563.372 150
563.372 150
553.488 155
543.605 155
533.721 156.667
523.837 156.667
513.953 156.667
504.07 160
494.186 160
484.302 160
474.419 160
474.419 160
464.535 163.333
454.651 165
444.767 165
434.884 165
425 166.667
415.116 166.667
405.233 166.667
395.349 165
385.465 160
385.465 160
375.581 160
365.698 155
355.814 153.333
345.93 150
345.93 150
336.047 150
326.163 140
326.163 140
316.279 136.667
309.69 130
306.395 126.667
299.806 120
296.512 116.667
286.628 110
286.628 110
276.744 100
276.744 100
266.86 90
266.86 90
* *
256.977 105
247.093 105
237.209 105
232.267 110
227.326 112
217.442 120
217.442 120
207.558 126
203.605 130
197.674 134.286
187.791 140
187.791 140
177.907 147.143
168.023 148.889
163.081 150
158.14 152.5
148.256 156
138.372 160
138.372 160
128.488 168.75
126.841 170
118.605 180
118.605 180
113.663 190
110.368 200
110.368 210
108.721 215
107.074 220
104.485 230
102.132 240
98.8372 250
98.8372 250
92.2481 260
88.9535 270
88.9535 270
87.8553 280
83.0233 290
79.0698 296.667
75.7752 300
75.1163 310
77.093 320
77.093 330
79.0698 340
79.0698 340
80.168 350
82.3643 360
85.6589 370
88.9535 375
90.9302 380
95.5426 390
98.8372 395
100.814 400
105.426 410
108.721 416.667
111.192 420
118.605 426
123.547 430
128.488 435
133.43 440
138.372 445
142.326 450
148.256 457.5
151.55 460
158.14 466.667
161.434 470
168.023 476.667
171.318 480
177.907 484
187.791 488.333
191.085 490
197.674 495
207.558 498.75
210.853 500
217.442 504
227.326 507.143
237.209 510
237.209 510
247.093 512.857
256.977 516.667
266.86 518
276.744 516
286.628 515.714
296.512 512
301.453 510
306.395 508.571
316.279 504.286
323.692 500
326.163 498.333
336.047 493.333
340.988 490
345.93 486
353.343 480
355.814 475
358.285 470
361.744 460
364.286 450
365.698 446.667
368.522 440
368.992 430
370.64 420
373.11 410
375.581 400
375.581 400
385.465 395
392.054 390
395.349 387.5
405.233 380
405.233 380
412.645 370
415.116 366.667
425 360
425 360
434.884 350
434.884 350
444.767 343.333
454.651 343.333
464.535 343.333
474.419 343.333
484.302 343.333
489.244 340
494.186 336.667
504.07 330
504.07 330
513.953 320
513.953 320
518.895 310
523.837 300
523.837 300
533.721 290
533.721 290
540.31 280
543.605 275
553.488 270
553.488 270
563.372 260
573.256 260
583.14 260
593.023 260
593.023 260
602.907 250
612.791 250
612.791 250
622.674 240
632.558 240
632.558 240
642.442 230
642.442 230
642.442 220
642.442 210
642.442 200
652.326 190
652.326 190
652.326 190
642.442 180
642.442 170
642.442 170
632.558 160
632.558 160
622.674 160
612.791 160
602.907 160
602.907 160
593.023 170
583.14 170
583.14 170
573.256 180
563.372 180
553.488 180
543.605 180
533.721 180
523.837 176.667
513.953 173.333
504.07 173.333
494.186 173.333
484.302 175
474.419 180
474.419 180
464.535 182
454.651 183.333
444.767 186.667
434.884 186.667
425 190
415.116 190
405.233 186.667
395.349 183.333
385.465 180
385.465 180
375.581 173.333
365.698 173.333
355.814 172.5
345.93 170
345.93 170
336.047 170
326.163 166.667
316.279 160
316.279 160
311.337 150
306.395 146.667
299.806 140
296.512 136.667
289.922 130
286.628 126.667
276.744 122.5
271.802 120
266.86 115
261.919 110
256.977 105
* *
266.86 130
256.977 126.667
247.093 123.333
237.209 123.333
227.326 123.333
217.442 128.333
214.971 130
207.558 136
200.969 140
197.674 142.5
190.262 150
187.791 152
177.907 156
168.023 160
168.023 160
158.14 165
148.256 167.5
138.372 168.333
136.395 170
128.488 178
126.841 180
120.017 190
118.605 200
118.605 200
118.605 210
115.31 220
112.016 230
110.133 240
108.721 243.333
105.897 250
100.814 260
98.8372 265
97.1899 270
93.8953 280
88.9535 288
87.9651 290
84.0116 300
83.3056 310
84.7176 320
85.6589 330
85.2471 340
85.6589 350
88.9535 357.5
90.6008 360
95.5426 370
98.8372 376.667
100.814 380
105.426 390
108.721 396.667
110.133 400
113.663 410
118.605 416
125.194 420
128.488 422.5
135.901 430
138.372 432.5
144.302 440
148.256 445
153.198 450
158.14 454
164.07 460
168.023 464
175.436 470
177.907 472.5
187.791 480
187.791 480
197.674 485
203.605 490
207.558 492.5
217.442 496.25
227.326 500
227.326 500
237.209 502.857
247.093 505.714
256.977 508.333
266.86 508.333
276.744 507.5
286.628 508.75
296.512 505
306.395 501.429
309.69 500
316.279 496
326.163 490
326.163 490
336.047 482.5
339.341 480
345.93 475
349.225 470
352.99 460
355.814 453.333
357.226 450
360.756 440
360.756 430
359.767 420
359.109 410
362.403 400
365.698 396.667
372.287 390
375.581 387.5
385.465 380
385.465 380
395.349 373.333
398.643 370
405.233 360
405.233 360
415.116 350
415.116 350
425 340
425 340
429.942 330
434.884 325
444.767 323.333
454.651 330
454.651 330
464.535 330
474.419 330
484.302 330
484.302 330
494.186 322.5
497.481 320
504.07 310
504.07 310
509.012 300
513.953 290
513.953 290
520.543 280
523.837 270
523.837 270
528.779 260
533.721 250
533.721 250
533.721 240
533.721 230
533.721 220
533.721 210
533.721 210
523.837 205
518.895 200
513.953 190
513.953 190
504.07 187.5
494.186 186
484.302 186
474.419 188.333
469.477 190
464.535 192
454.651 196
444.767 200
444.767 200
434.884 202.5
425 202
415.116 200
415.116 200
405.233 200
395.349 196
385.465 190
385.465 190
375.581 187.5
365.698 187.5
355.814 186.667
345.93 185
336.047 183.333
326.163 180
326.163 180
316.279 176.667
309.69 170
306.395 166.667
301.453 160
296.512 153.333
293.217 150
286.628 143.333
283.333 140
276.744 135
266.86 130
266.86 130
* *
256.977 140
247.093 140
237.209 140
227.326 137.5
217.442 138
214.971 140
207.558 147.5
204.264 150
197.674 155
191.085 160
187.791 162
177.907 170
177.907 170
168.023 175
158.14 177.5
148.256 180
138.372 180
138.372 180
128.488 188
127.076 190
126.841 200
125.664 210
123.547 220
120.252 230
118.605 235
117.193 240
114.651 250
110.698 260
108.721 270
108.721 270
101.308 280
98.8372 285
96.8605 290
93.8953 300
91.4244 310
92.2481 320
93.8953 330
92.2481 340
92.2481 350
98.8372 360
98.8372 360
104.767 370
108.721 376.667
110.133 380
113.663 390
117.193 400
118.605 403.333
125.194 410
128.488 412
138.372 420
138.372 420
146.279 430
148.256 432.5
154.186 440
158.14 444
165.552 450
168.023 452.5
175.436 460
177.907 462
187.791 470
187.791 470
197.674 476.667
201.628 480
207.558 485
217.442 490
217.442 490
227.326 491.667
237.209 495
247.093 498.571
256.977 500
256.977 500
266.86 500
276.744 501.25
286.628 502.5
293.217 500
296.512 498.889
306.395 493.333
311.337 490
316.279 486.667
326.163 480
326.163 480
336.047 470
336.047 470
345.93 460
345.93 460
347.907 450
351.86 440
351.86 430
350.872 420
349.225 410
348.401 400
355.814 390
355.814 390
365.698 382.5
368.992 380
375.581 373.333
380.523 370
385.465 365
388.76 360
395.349 350
395.349 350
405.233 340
405.233 340
412.645 330
415.116 320
415.116 320
420.058 310
425 305
434.884 303.333
444.767 300
454.651 305
459.593 310
464.535 313.333
474.419 315
484.302 310
484.302 310
494.186 300
494.186 300
497.481 290
501.599 280
504.07 270
504.07 270
507.364 260
509.012 250
510.659 240
510.659 230
504.07 220
504.07 220
501.599 210
499.128 200
494.186 197.5
484.302 197.5
474.419 198
469.477 200
464.535 202
454.651 206
444.767 210
444.767 210
434.884 216.667
425 213.333
415.116 212.5
405.233 210
405.233 210
395.349 206
385.465 200
385.465 200
375.581 200
365.698 200
355.814 200
345.93 200
336.047 197.5
326.163 194
316.279 190
316.279 190
306.395 180
306.395 180
296.512 170
296.512 170
286.628 160
286.628 160
276.744 150
276.744 150
266.86 142.5
256.977 140
256.977 140
* *
266.86 156.667
256.977 155
247.093 152.5
237.209 152.5
227.326 150
227.326 150
227.326 150
217.442 153.333
210.853 160
207.558 162.5
197.674 167.5
192.733 170
187.791 171.667
177.907 177.143
173.953 180
168.023 184.286
158.14 188
148.256 190
148.256 190
138.372 200
138.372 200
133.43 210
131.312 220
128.488 230
128.488 230
126.512 240
124.535 250
121.076 260
118.605 270
118.605 270
113.663 280
108.721 290
108.721 290
106.25 300
103.779 310
101.308 320
102.791 330
101.308 340
101.308 350
107.074 360
108.721 362.5
112.957 370
117.193 380
118.605 383.333
121.899 390
128.488 400
128.488 400
138.372 407.5
140.843 410
148.256 420
148.256 420
158.14 430
158.14 430
168.023 440
168.023 440
177.907 450
177.907 450
187.791 460
187.791 460
197.674 468
199.651 470
207.558 476.667
214.147 480
217.442 481.667
227.326 483.333
237.209 487.143
243.798 490
247.093 491.429
256.977 494.444
266.86 495
276.744 495.556
286.628 496.667
296.512 493.333
301.453 490
306.395 485.714
314.302 480
316.279 477.5
322.209 470
326.163 460
326.163 460
336.047 450
336.047 450
340.988 440
341.977 430
341.977 420
340.988 410
340.282 400
340.988 390
343.459 380
345.93 375
350.872 370
355.814 365
365.698 360
365.698 360
375.581 350
375.581 350
380.523 340
385.465 335
395.349 330
395.349 330
405.233 323.333
406.88 320
409.468 310
411.822 300
415.116 290
415.116 290
425 280
434.884 280
444.767 283.333
454.651 280
464.535 290
464.535 290
474.419 293.333
479.36 290
484.302 285
487.597 280
491.715 270
494.186 265
496.163 260
497.481 250
499.128 240
496.657 230
494.186 225
491.715 220
487.597 210
484.302 208
474.419 208
469.477 210
464.535 212
454.651 216
448.062 220
444.767 230
444.767 230
434.884 235
429.942 240
425 245
420.058 240
415.116 230
415.116 230
405.233 223.333
400.291 220
395.349 217.5
385.465 213.333
375.581 212.5
365.698 212
355.814 211.667
345.93 210
345.93 210
336.047 208
326.163 204
316.279 200
316.279 200
306.395 193.333
303.924 190
296.512 182.5
294.041 180
286.628 174
280.039 170
276.744 166.667
270.155 160
266.86 156.667
* *
256.977 167.5
247.093 166.667
237.209 165
227.326 166.667
217.442 170
217.442 170
207.558 175
197.674 178
187.791 180
187.791 180
177.907 186
171.318 190
168.023 193.333
158.14 200
158.14 200
148.256 210
148.256 210
138.372 220
138.372 220
136.725 230
135.078 240
133.43 250
131.783 260
128.488 270
128.488 270
126.017 280
122.558 290
120.252 300
118.605 310
118.605 310
113.663 320
112.016 330
113.663 340
113.663 350
116.628 360
118.605 365
120.581 370
126.512 380
128.488 385
131.783 390
138.372 395
143.314 400
148.256 405
154.845 410
158.14 413.333
164.729 420
168.023 423.333
172.965 430
177.907 436.667
180.378 440
187.791 447.5
190.262 450
197.674 457.5
200.145 460
207.558 467.5
212.5 470
217.442 472
227.326 475.714
237.209 480
237.209 480
247.093 484.286
256.977 488.333
266.86 490
266.86 490
276.744 490
286.628 491.111
289.922 490
296.512 483.333
301.453 480
306.395 476.667
311.337 470
316.279 463.333
317.926 460
322.209 450
326.163 440
326.163 440
332.093 430
332.093 420
332.093 410
329.457 400
326.163 390
326.163 380
326.163 380
316.279 380
316.279 380
306.395 383.333
296.512 388
286.628 390
286.628 390
276.744 392
266.86 392.5
256.977 390
256.977 390
247.093 384
240.504 380
237.209 376.667
232.267 370
227.326 360
227.326 360
225.349 350
224.031 340
224.031 330
224.031 320
225.349 310
227.326 305
229.797 300
237.209 290
237.209 290
245.116 280
247.093 277.5
256.977 272.5
261.919 270
266.86 268
276.744 265
286.628 262.5
296.512 267.5
306.395 270
306.395 270
316.279 276.667
321.221 280
326.163 285
329.457 290
336.047 300
336.047 300
343.459 310
345.93 320
345.93 330
345.93 340
345.93 340
355.814 340
355.814 340
365.698 330
365.698 330
375.581 320
375.581 320
385.465 317.5
395.349 313.333
398.643 310
399.302 300
400.291 290
402.762 280
405.233 270
405.233 270
405.233 260
405.233 260
402.762 250
398.643 240
395.349 236.667
385.465 230
385.465 230
375.581 225
365.698 222.5
355.814 220
355.814 220
345.93 220
336.047 218
326.163 214
316.279 210
316.279 210
306.395 206
298.983 200
296.512 196.667
289.922 190
286.628 186.667
280.039 180
276.744 178
266.86 172.5
261.919 170
256.977 167.5
* *
266.86 185
256.977 182.5
247.093 182.5
237.209 180
237.209 180
227.326 180
227.326 180
217.442 185
207.558 190
207.558 190
197.674 193.333
187.791 196.667
177.907 200
177.907 200
168.023 207.5
163.081 210
158.14 212.5
150.727 220
148.256 225
146.279 230
142.608 240
141.196 250
139.784 260
138.372 270
138.372 270
135.078 280
131.783 290
128.488 300
128.488 300
125.664 310
122.841 320
121.076 330
124.535 340
126.017 350
126.512 360
128.488 365
130.959 370
135.078 380
138.372 384
145.785 390
148.256 392.5
158.14 400
158.14 400
168.023 410
168.023 410
174.612 420
177.907 424
183.837 430
187.791 435
192.733 440
197.674 445
202.616 450
207.558 455
214.147 460
217.442 462
227.326 468
230.62 470
237.209 472.857
247.093 470
256.977 480
256.977 480
266.86 480
276.744 480
276.744 480
286.628 470
286.628 470
296.512 465
306.395 460
306.395 460
312.326 450
316.279 443.333
317.926 440
322.209 430
319.574 420
316.279 410
316.279 410
306.395 405
296.512 400
296.512 400
296.512 400
286.628 405
276.744 402.5
266.86 410
256.977 400
256.977 400
247.093 396.667
237.209 390
237.209 390
227.326 383.333
225.349 380
221.395 370
219.089 360
217.442 355
216.344 350
216.344 340
216.206 330
216.206 320
216.344 310
217.442 305
219.419 300
227.326 290
227.326 290
235.233 280
237.209 276.667
242.151 270
247.093 266
256.977 260
256.977 260
266.86 258
276.744 255.714
286.628 252
296.512 255
306.395 253.333
316.279 253.333
322.868 260
326.163 265
331.105 270
336.047 275
338.517 280
343.459 290
345.93 295
350.872 300
355.814 302.5
365.698 307.5
375.581 307.5
385.465 303.333
387.936 300
387.936 290
391.395 280
395.349 270
395.349 270
395.349 260
395.349 260
390.407 250
385.465 243.333
380.523 240
375.581 237.5
365.698 235
355.814 232.5
345.93 232.5
340.988 230
336.047 228
326.163 226.667
316.279 226.667
306.395 225
303.924 220
296.512 212.5
293.217 210
286.628 203.333
283.333 200
276.744 193.333
273.45 190
266.86 185
* *
256.977 200
247.093 200
237.209 196.667
227.326 196.667
217.442 197.5
212.5 200
207.558 203.333
197.674 207.5
192.733 210
187.791 212
177.907 216.667
168.023 218
164.729 220
158.14 230
158.14 230
151.55 240
148.256 250
148.256 250
146.844 260
146.609 270
144.302 280
141.667 290
138.372 300
138.372 300
134.419 310
130.959 320
132.442 330
133.43 340
134.136 350
138.372 360
138.372 360
144.961 370
148.256 380
148.256 380
158.14 386.667
160.61 390
168.023 400
168.023 400
176.26 410
177.907 412.5
185.32 420
187.791 422.5
195.203 430
197.674 432.5
205.087 440
207.558 442.5
217.442 450
217.442 450
227.326 450
237.209 450
247.093 460
247.093 460
256.977 460
266.86 460
266.86 460
276.744 450
286.628 450
286.628 450
296.512 440
296.512 440
296.512 430
296.512 430
286.628 430
276.744 420
276.744 420
276.744 420
266.86 430
256.977 430
247.093 430
237.209 420
237.209 420
227.326 420
224.855 410
222.384 400
217.442 390
217.442 390
215.795 380
213.206 370
211.794 360
210.853 350
210.853 340
210.029 330
210.029 320
210.853 310
212.5 300
215.465 290
217.442 287.5
224.855 280
227.326 275
229.797 270
237.209 260
237.209 260
247.093 253.333
256.977 250
256.977 250
266.86 240
276.744 240
276.744 240
276.744 230
276.744 220
276.744 220
266.86 210
266.86 210
256.977 200
256.977 200
* *
232.267 220
227.326 215
217.442 213.333
207.558 217.5
197.674 218
192.733 220
187.791 225
177.907 230
177.907 230
172.965 240
168.023 245
164.729 250
161.434 260
160.61 270
158.14 280
158.14 280
155.669 290
154.845 300
151.55 310
148.256 315
144.961 320
143.314 330
143.314 340
148.256 346.667
150.233 350
150.233 360
156.163 370
158.14 372.5
165.552 380
168.023 383.333
172.965 390
177.907 396.667
180.378 400
187.791 407.5
192.733 410
197.674 415
207.558 420
207.558 420
207.558 420
210.853 410
211.512 400
209.205 390
207.558 380
207.558 380
205.911 370
205.087 360
204.734 350
204.734 340
203.322 330
202.616 320
204.264 310
205.911 300
206.146 290
207.558 286.667
212.5 280
217.442 270
217.442 270
224.031 260
225.349 250
227.326 246.667
237.209 240
237.209 240
237.209 240
233.915 230
232.267 220
* *
217.442 240
207.558 230
207.558 230
207.558 230
197.674 240
197.674 240
187.791 250
187.791 250
177.907 260
177.907 260
174.612 270
171.318 280
170.494 290
170.494 300
171.318 310
168.023 320
168.023 320
168.023 330
163.081 340
168.023 350
168.023 360
168.023 360
177.907 370
177.907 380
177.907 380
187.791 390
187.791 390
197.674 390
197.674 390
197.674 380
197.674 370
198.91 360
197.674 350
197.674 340
197.674 340
194.38 330
193.721 320
195.698 310
197.674 300
197.674 300
199.086 290
200.145 280
204.264 270
207.558 260
207.558 260
207.558 250
217.442 240
217.442 240
217.442 240
* *
271.802 280
276.744 277.5
286.628 276.667
296.512 280
296.512 280
306.395 282.5
316.279 290
316.279 290
322.868 300
326.163 305
329.457 310
332.752 320
332.752 330
333.576 340
328.634 350
326.163 360
326.163 360
316.279 368
314.302 370
306.395 375
296.512 378.571
293.217 380
286.628 382.857
276.744 382
266.86 383.333
260.271 380
256.977 377.5
247.093 370
247.093 370
240.504 360
237.209 350
237.209 350
234.738 340
234.738 330
234.738 320
237.209 310
237.209 310
242.151 300
247.093 293.333
249.564 290
256.977 284
266.86 282
271.802 280
* *
276.744 290
266.86 293.333
256.977 300
256.977 300
250.388 310
249.564 320
247.093 330
247.093 340
250.388 350
254.506 360
256.977 363.333
263.566 370
266.86 372.5
276.744 373.333
286.628 374
296.512 371.429
301.453 370
306.395 366.667
312.984 360
316.279 355
318.256 350
321.221 340
323.692 330
322.868 320
316.279 310
316.279 310
308.866 300
306.395 296.667
296.512 292.5
286.628 290
276.744 290
* *
286.628 303.333
276.744 306.667
271.802 310
266.86 315
263.566 320
261.919 330
261.919 340
264.39 350
266.86 355
271.802 360
276.744 362.5
286.628 360
286.628 360
296.512 360
306.395 350
306.395 350
308.866 340
311.337 330
308.866 320
306.395 316.667
299.806 310
296.512 306.667
286.628 303.333
* *
286.628 317.5
281.686 320
276.744 325
274.273 330
276.744 340
276.744 340
286.628 345
296.512 340
296.512 340
298.983 330
296.512 325
291.57 320
286.628 317.5
* *
336.047 360
336.047 360
336.047 360
336.047 360
336.047 360
* *
365.698 280
365.698 270
355.814 260
355.814 260
355.814 250
355.814 250
365.698 250
365.698 250
375.581 260
375.581 260
375.581 270
375.581 280
375.581 280
365.698 280
365.698 280
* *
454.651 240
454.651 240
464.535 230
464.535 230
474.419 220
474.419 220
474.419 220
484.302 230
484.302 230
484.302 240
484.302 250
484.302 260
484.302 260
474.419 270
474.419 270
464.535 270
464.535 270
454.651 260
454.651 260
454.651 250
454.651 240
* *
187.791 300
187.791 300
187.791 300
187.791 300
187.791 300
